0.000000 0.000000 0.000000 0.004600
0.010000 0.062791 0.062791 0.061885
0.020000 0.125333 0.125333 0.120597
0.030000 0.187381 0.187381 0.180208
0.040000 0.248690 0.248690 0.240218
0.050000 0.309017 0.309017 0.300159
0.060000 0.368125 0.368125 0.359593
0.070000 0.425779 0.425779 0.418110
0.080000 0.481754 0.481754 0.475327
0.090000 0.535827 0.535827 0.530893
0.100000 0.587785 0.587785 0.584480
0.110000 0.637424 0.637424 0.635788
0.120000 0.684547 0.684547 0.684543
0.130000 0.728969 0.728969 0.730496
0.140000 0.770513 0.770513 0.773422
0.150000 0.809017 0.809017 0.813121
0.160000 0.844328 0.844328 0.849415
0.170000 0.876307 0.876307 0.882149
0.180000 0.904827 0.904827 0.911190
0.190000 0.929776 0.929776 0.936427
0.200000 0.951057 0.951057 0.957768
0.210000 0.968583 0.968583 0.975142
0.220000 0.982287 0.982287 0.988498
0.230000 0.992115 0.992115 0.997802
0.240000 0.998027 0.998027 1.003041
0.250000 1.000000 1.000000 1.004215
0.260000 0.998027 0.998027 1.001344
0.270000 0.992115 0.992115 0.994465
0.280000 0.982287 0.982287 0.983627
0.290000 0.968583 0.968583 0.968896
0.300000 0.951057 0.951057 0.950352
0.310000 0.929776 0.929776 0.928088
0.320000 0.904827 0.904827 0.902212
0.330000 0.876307 0.876307 0.872841
0.340000 0.844328 0.844328 0.840105
0.350000 0.809017 0.809017 0.804146
0.360000 0.770513 0.770513 0.765115
0.370000 0.728969 0.728969 0.723174
0.380000 0.684547 0.684547 0.678492
0.390000 0.637424 0.637424 0.631248
0.400000 0.587785 0.587785 0.581628
0.410000 0.535827 0.535827 0.529827
0.420000 0.481754 0.481754 0.476042
0.430000 0.425779 0.425779 0.420481
0.440000 0.368125 0.368125 0.363354
0.450000 0.309017 0.309017 0.304877
0.460000 0.248690 0.248690 0.245268
0.470000 0.187381 0.187381 0.184749
0.480000 0.125333 0.125333 0.123547
0.490000 0.062791 0.062791 0.061888
0.500000 -0.000000 -0.000000 -0.000000
0.510000 -0.062791 -0.062791 -0.061888
0.520000 -0.125333 -0.125333 -0.123547
0.530000 -0.187381 -0.187381 -0.184749
0.540000 -0.248690 -0.248690 -0.245268
0.550000 -0.309017 -0.309017 -0.304877
0.560000 -0.368125 -0.368125 -0.363354
0.570000 -0.425779 -0.425779 -0.420481
0.580000 -0.481754 -0.481754 -0.476042
0.590000 -0.535827 -0.535827 -0.529827
0.600000 -0.587785 -0.587785 -0.581628
0.610000 -0.637424 -0.637424 -0.631248
0.620000 -0.684547 -0.684547 -0.678492
0.630000 -0.728969 -0.728969 -0.723174
0.640000 -0.770513 -0.770513 -0.765115
0.650000 -0.809017 -0.809017 -0.804146
0.660000 -0.844328 -0.844328 -0.840105
0.670000 -0.876307 -0.876307 -0.872841
0.680000 -0.904827 -0.904827 -0.902212
0.690000 -0.929776 -0.929776 -0.928088
0.700000 -0.951057 -0.951057 -0.950352
0.710000 -0.968583 -0.968583 -0.968896
0.720000 -0.982287 -0.982287 -0.983627
0.730000 -0.992115 -0.992115 -0.994465
0.740000 -0.998027 -0.998027 -1.001344
0.750000 -1.000000 -1.000000 -1.004215
0.760000 -0.998027 -0.998027 -1.003041
0.770000 -0.992115 -0.992115 -0.997802
0.780000 -0.982287 -0.982287 -0.988498
0.790000 -0.968583 -0.968583 -0.975142
0.800000 -0.951057 -0.951057 -0.957768
0.810000 -0.929776 -0.929776 -0.936427
0.820000 -0.904827 -0.904827 -0.911190
0.830000 -0.876307 -0.876307 -0.882149
0.840000 -0.844328 -0.844328 -0.849415
0.850000 -0.809017 -0.809017 -0.813121
0.860000 -0.770513 -0.770513 -0.773422
0.870000 -0.728969 -0.728969 -0.730496
0.880000 -0.684547 -0.684547 -0.684543
0.890000 -0.637424 -0.637424 -0.635788
0.900000 -0.587785 -0.587785 -0.584480
0.910000 -0.535827 -0.535827 -0.530893
0.920000 -0.481754 -0.481754 -0.475327
0.930000 -0.425779 -0.425779 -0.418110
0.940000 -0.368125 -0.368125 -0.359593
0.950000 -0.309017 -0.309017 -0.300159
0.960000 -0.248690 -0.248690 -0.240218
0.970000 -0.187381 -0.187381 -0.180208
0.980000 -0.125333 -0.125333 -0.120597
0.990000 -0.062791 -0.062791 -0.061885
