-1.000000 -0.300000
-0.979798 -0.224607
-0.959596 -0.140669
-0.939394 -0.049376
-0.919192 0.048139
-0.898990 0.150808
-0.878788 0.257618
-0.858586 0.367615
-0.838384 0.479901
-0.818182 0.593634
-0.797980 0.708023
-0.777778 0.822332
-0.757576 0.935875
-0.737374 1.048016
-0.717172 1.158166
-0.696970 1.265786
-0.676768 1.370379
-0.656566 1.471497
-0.636364 1.568732
-0.616162 1.661720
-0.595960 1.750135
-0.575758 1.833694
-0.555556 1.912149
-0.535354 1.985291
-0.515152 2.052946
-0.494949 2.114973
-0.474747 2.171265
-0.454545 2.221747
-0.434343 2.266373
-0.414141 2.305128
-0.393939 2.338023
-0.373737 2.365097
-0.353535 2.386413
-0.333333 2.402058
-0.313131 2.412142
-0.292929 2.416797
-0.272727 2.416173
-0.252525 2.410441
-0.232323 2.399789
-0.212121 2.384420
-0.191919 2.364551
-0.171717 2.340417
-0.151515 2.312260
-0.131313 2.280336
-0.111111 2.244910
-0.090909 2.206256
-0.070707 2.164653
-0.050505 2.120389
-0.030303 2.073754
-0.010101 2.025042
0.010101 1.974550
0.030303 1.922573
0.050505 1.869408
0.070707 1.815349
0.090909 1.760686
0.111111 1.705707
0.131313 1.650691
0.151515 1.595913
0.171717 1.541636
0.191919 1.488117
0.212121 1.435599
0.232323 1.384315
0.252525 1.334483
0.272727 1.286306
0.292929 1.239973
0.313131 1.195653
0.333333 1.153498
0.353535 1.113638
0.373737 1.076185
0.393939 1.041224
0.414141 1.008820
0.434343 0.979010
0.454545 0.951807
0.474747 0.927195
0.494949 0.905127
0.515152 0.885530
0.535354 0.868295
0.555556 0.853283
0.575758 0.840319
0.595960 0.829194
0.616162 0.819660
0.636364 0.811433
0.656566 0.804189
0.676768 0.797563
0.696970 0.791147
0.717172 0.784493
0.737374 0.777104
0.757576 0.768441
0.777778 0.757915
0.797980 0.744890
0.818182 0.728680
0.838384 0.708549
0.858586 0.683706
0.878788 0.653310
0.898990 0.616461
0.919192 0.572205
0.939394 0.519532
0.959596 0.457371
0.979798 0.384591
1.000000 0.300000
